100 5000
3156 3446
332 2122
4189 3981
3318 2485
3905 2934
4780 1790
4135 1141
2309 1145
777 2053
4363 4931
1204 2541
810 605
2705 3868
4586 825
2899 3557
2591 1676
4527 3908
3627 4271
2134 511
4495 116
765 3268
10 4044
2730 1999
2665 516
1566 4650
1817 1955
1168 4449
3670 748
660 2622
4162 4009
894 2470
4516 2385
1023 4485
2726 4427
1665 4942
4483 4814
2357 3646
751 4885
3154 2598
4716 1984
2379 1507
1552 1530
271 2131
3904 566
736 1067
1226 317
658 4429
3206 4298
2258 4275
1930 1763
4832 3436
4749 2255
3692 4036
2928 675
2657 945
3985 4810
2747 1560
1991 133
2221 960
1807 3048
1397 2725
3491 510
825 1199
1793 371
4702 4377
4933 607
219 1020
1545 4968
4719 981
3205 750
3033 951
299 4961
178 1595
1516 1015
3926 1726
501 187
4459 3487
832 2130
574 1810
590 2467
2870 3573
1478 501
4126 3827
323 4887
827 3206
1634 2132
2938 3853
4668 1388
1667 476
1297 1327
2805 4338
2054 961
4889 3624
1433 109
3864 3358
4663 4167
2552 2926
3184 2056
1257 4593
102 3752
